10 10 2 2
0 2 (1.00, 0.00, 0.00) 90
10 5 (1.00, 0.00, 0.00) 90
3 0 (0.00, 1.00, 0.00) 0
1 0 (0.00, 1.00, 0.00) 0
2 4 (0.00, 1.00, 0.00) 0
2 2 (0.00, 1.00, 0.00) 0
1 3 (0.00, 1.00, 0.00) 0
2 1 (1.00, 0.00, 0.00) 90
2 0 (0.00, 1.00, 0.00) 0
2 1 (0.00, 1.00, 0.00) 0
3 1 (0.00, 1.00, 0.00) 0
4 0 (0.00, 1.00, 0.00) 0
5 0 (0.00, 1.00, 0.00) 0
6 0 (0.00, 1.00, 0.00) 0
7 0 (0.00, 1.00, 0.00) 0
8 0 (0.00, 1.00, 0.00) 0
10 0 (1.00, 0.00, 0.00) 90
9 0 (0.00, 1.00, 0.00) 0
10 2 (1.00, 0.00, 0.00) 90
10 3 (1.00, 0.00, 0.00) 90
10 1 (1.00, 0.00, 0.00) 90
8 1 (0.00, 1.00, 0.00) 0
9 2 (1.00, 0.00, 0.00) 90
8 1 (1.00, 0.00, 0.00) 90
7 1 (0.00, 1.00, 0.00) 0
7 0 (1.00, 0.00, 0.00) 90
4 1 (1.00, 0.00, 0.00) 90
4 2 (0.00, 1.00, 0.00) 0
5 1 (0.00, 1.00, 0.00) 0
6 1 (1.00, 0.00, 0.00) 90
6 2 (0.00, 1.00, 0.00) 0
7 2 (1.00, 0.00, 0.00) 90
6 3 (1.00, 0.00, 0.00) 90
7 4 (0.00, 1.00, 0.00) 0
7 3 (0.00, 1.00, 0.00) 0
8 3 (0.00, 1.00, 0.00) 0
9 3 (1.00, 0.00, 0.00) 90
8 4 (1.00, 0.00, 0.00) 90
9 4 (0.00, 1.00, 0.00) 0
10 4 (1.00, 0.00, 0.00) 90
10 8 (1.00, 0.00, 0.00) 90
0 6 (1.00, 0.00, 0.00) 90
7 10 (0.00, 1.00, 0.00) 0
8 10 (0.00, 1.00, 0.00) 0
10 9 (1.00, 0.00, 0.00) 90
9 10 (0.00, 1.00, 0.00) 0
5 10 (0.00, 1.00, 0.00) 0
6 10 (0.00, 1.00, 0.00) 0
6 9 (0.00, 1.00, 0.00) 0
5 9 (0.00, 1.00, 0.00) 0
3 8 (0.00, 1.00, 0.00) 0
5 9 (1.00, 0.00, 0.00) 90
4 10 (0.00, 1.00, 0.00) 0
3 10 (0.00, 1.00, 0.00) 0
3 9 (0.00, 1.00, 0.00) 0
2 9 (0.00, 1.00, 0.00) 0
2 10 (0.00, 1.00, 0.00) 0
1 9 (0.00, 1.00, 0.00) 0
1 10 (0.00, 1.00, 0.00) 0
0 10 (0.00, 1.00, 0.00) 0
0 9 (1.00, 0.00, 0.00) 90
0 8 (1.00, 0.00, 0.00) 90
1 8 (1.00, 0.00, 0.00) 90
0 7 (1.00, 0.00, 0.00) 90
2 7 (1.00, 0.00, 0.00) 90
1 8 (0.00, 1.00, 0.00) 0
1 6 (1.00, 0.00, 0.00) 90
3 7 (0.00, 1.00, 0.00) 0
4 8 (0.00, 1.00, 0.00) 0
5 8 (0.00, 1.00, 0.00) 0
5 6 (1.00, 0.00, 0.00) 90
6 8 (0.00, 1.00, 0.00) 0
6 7 (1.00, 0.00, 0.00) 90
7 8 (0.00, 1.00, 0.00) 0
7 7 (0.00, 1.00, 0.00) 0
8 7 (0.00, 1.00, 0.00) 0
8 8 (1.00, 0.00, 0.00) 90
8 9 (0.00, 1.00, 0.00) 0
9 9 (0.00, 1.00, 0.00) 0
10 7 (1.00, 0.00, 0.00) 90
9 7 (1.00, 0.00, 0.00) 90
9 6 (1.00, 0.00, 0.00) 90
10 6 (1.00, 0.00, 0.00) 90
8 6 (0.00, 1.00, 0.00) 0
8 5 (0.00, 1.00, 0.00) 0
7 5 (0.00, 1.00, 0.00) 0
7 6 (0.00, 1.00, 0.00) 0
6 6 (0.00, 1.00, 0.00) 0
6 5 (0.00, 1.00, 0.00) 0
5 5 (1.00, 0.00, 0.00) 90
5 6 (0.00, 1.00, 0.00) 0
5 4 (0.00, 1.00, 0.00) 0
6 4 (1.00, 0.00, 0.00) 90
4 5 (0.00, 1.00, 0.00) 0
4 3 (0.00, 1.00, 0.00) 0
5 3 (1.00, 0.00, 0.00) 90
3 3 (1.00, 0.00, 0.00) 90
3 3 (0.00, 1.00, 0.00) 0
4 4 (1.00, 0.00, 0.00) 90
3 4 (1.00, 0.00, 0.00) 90
4 5 (1.00, 0.00, 0.00) 90
3 6 (0.00, 1.00, 0.00) 0
2 6 (0.00, 1.00, 0.00) 0
2 5 (0.00, 1.00, 0.00) 0
1 5 (0.00, 1.00, 0.00) 0
1 6 (0.00, 1.00, 0.00) 0
0 5 (1.00, 0.00, 0.00) 90
0 6 (0.00, 1.00, 0.00) 0
1 4 (1.00, 0.00, 0.00) 90
0 4 (1.00, 0.00, 0.00) 90
1 3 (1.00, 0.00, 0.00) 90
0 3 (1.00, 0.00, 0.00) 90
1 2 (1.00, 0.00, 0.00) 90
1 1 (1.00, 0.00, 0.00) 90
0 1 (1.00, 0.00, 0.00) 90
0 0 (1.00, 0.00, 0.00) 90
1 0 (1.00, 0.00, 0.00) 90
0 0 (0.00, 1.00, 0.00) 0
